,Algorithm,mu,MAP,P@20
0,dirichlet,1000.0,0.43709,0.41938
1,dirichlet,1066.6666666666667,0.43691,0.41938
2,dirichlet,1133.3333333333333,0.43676,0.41838
3,dirichlet,1200.0,0.43675,0.41838
4,dirichlet,1266.6666666666667,0.4361,0.41838
5,dirichlet,1333.3333333333333,0.43609,0.41838
6,dirichlet,1400.0,0.43592,0.41838
7,dirichlet,1466.6666666666667,0.4361,0.41738
8,dirichlet,1533.3333333333335,0.43605,0.41738
9,dirichlet,1600.0,0.43665,0.41738
10,dirichlet,1666.6666666666665,0.43654,0.41738
11,dirichlet,1733.3333333333335,0.43652,0.41738
12,dirichlet,1800.0,0.4373,0.41638
13,dirichlet,1866.6666666666665,0.43647,0.41538
14,dirichlet,1933.3333333333335,0.43625,0.41538
15,dirichlet,2000.0,0.4362,0.41538
16,dirichlet,2066.666666666667,0.4356,0.41438
17,dirichlet,2133.333333333333,0.43527,0.41438
18,dirichlet,2200.0,0.43526,0.41438
19,dirichlet,2266.666666666667,0.43525,0.41438
20,dirichlet,2333.333333333333,0.43514,0.41438
21,dirichlet,2400.0,0.43402,0.41138
22,dirichlet,2466.666666666667,0.4338,0.41038
23,dirichlet,2533.333333333333,0.43391,0.41038
24,dirichlet,2600.0,0.43379,0.41038
25,dirichlet,2666.666666666667,0.43378,0.41038
26,dirichlet,2733.333333333333,0.43291,0.40638
27,dirichlet,2800.0,0.43287,0.40638
28,dirichlet,2866.666666666667,0.43256,0.40638
29,dirichlet,2933.333333333333,0.43276,0.40638
30,dirichlet,3000.0,0.43267,0.40638
