,Algorithm,mu,MAP,P@20
0,dirichlet,0.0,0.39671,0.38738
1,dirichlet,20.0,0.43852,0.42438
2,dirichlet,40.0,0.43875,0.42438
3,dirichlet,60.0,0.4389,0.42338
4,dirichlet,80.0,0.43887,0.42338
5,dirichlet,100.0,0.4393,0.42338
6,dirichlet,120.0,0.4384,0.42338
7,dirichlet,140.0,0.43837,0.42338
8,dirichlet,160.0,0.43837,0.42338
9,dirichlet,180.0,0.43823,0.42238
10,dirichlet,200.0,0.43983,0.42238
11,dirichlet,220.0,0.43925,0.42238
12,dirichlet,240.0,0.43936,0.42238
13,dirichlet,260.0,0.43933,0.42238
14,dirichlet,280.0,0.43926,0.42238
15,dirichlet,300.0,0.43925,0.42238
16,dirichlet,320.0,0.4392,0.42238
17,dirichlet,340.0,0.43914,0.42238
18,dirichlet,360.0,0.43914,0.42238
19,dirichlet,380.0,0.43912,0.42238
20,dirichlet,400.0,0.43908,0.42238
21,dirichlet,420.0,0.43901,0.42238
22,dirichlet,440.0,0.43891,0.42238
23,dirichlet,460.0,0.43931,0.42138
24,dirichlet,480.0,0.43909,0.42138
25,dirichlet,500.0,0.43989,0.42138
26,dirichlet,520.0,0.43975,0.42138
27,dirichlet,540.0,0.43976,0.42138
28,dirichlet,560.0,0.43974,0.42138
29,dirichlet,580.0,0.43972,0.42138
30,dirichlet,600.0,0.43965,0.42138
31,dirichlet,620.0,0.43959,0.42138
32,dirichlet,640.0,0.43955,0.42138
33,dirichlet,660.0,0.43955,0.42138
34,dirichlet,680.0,0.4395,0.42138
35,dirichlet,700.0,0.43935,0.42138
36,dirichlet,720.0,0.43934,0.42138
37,dirichlet,740.0,0.43857,0.42138
38,dirichlet,760.0,0.43856,0.42138
39,dirichlet,780.0,0.4385,0.42138
40,dirichlet,800.0,0.43904,0.42138
41,dirichlet,820.0,0.43892,0.42138
42,dirichlet,840.0,0.43889,0.42138
43,dirichlet,860.0,0.43835,0.42138
44,dirichlet,880.0,0.43829,0.42138
45,dirichlet,900.0,0.43756,0.42038
46,dirichlet,920.0,0.43738,0.41938
47,dirichlet,940.0,0.43729,0.41938
48,dirichlet,960.0,0.43721,0.41938
49,dirichlet,980.0,0.43709,0.41938
50,dirichlet,1000.0,0.43709,0.41938
