,Algorithm,mu,MAP,P@20
0,dirichlet,0.0,0.39671,0.38738
1,dirichlet,10.0,0.43844,0.42338
2,dirichlet,20.0,0.43852,0.42438
3,dirichlet,30.0,0.43873,0.42438
4,dirichlet,40.0,0.43875,0.42438
5,dirichlet,50.0,0.43898,0.42338
6,dirichlet,60.0,0.4389,0.42338
7,dirichlet,70.0,0.43889,0.42338
8,dirichlet,80.0,0.43887,0.42338
9,dirichlet,90.0,0.43912,0.42338
10,dirichlet,100.0,0.4393,0.42338
11,dirichlet,110.0,0.43928,0.42338
12,dirichlet,120.0,0.4384,0.42338
13,dirichlet,130.0,0.43838,0.42338
14,dirichlet,140.0,0.43837,0.42338
15,dirichlet,150.0,0.4384,0.42338
16,dirichlet,160.0,0.43837,0.42338
17,dirichlet,170.0,0.43828,0.42338
18,dirichlet,180.0,0.43823,0.42238
19,dirichlet,190.0,0.43821,0.42238
20,dirichlet,200.0,0.43983,0.42238
21,dirichlet,210.0,0.43927,0.42238
22,dirichlet,220.0,0.43925,0.42238
23,dirichlet,230.0,0.43936,0.42238
24,dirichlet,240.0,0.43936,0.42238
25,dirichlet,250.0,0.43933,0.42238
26,dirichlet,260.0,0.43933,0.42238
27,dirichlet,270.0,0.43936,0.42238
28,dirichlet,280.0,0.43926,0.42238
29,dirichlet,290.0,0.43922,0.42238
30,dirichlet,300.0,0.43925,0.42238
